204 204 204 204 204 204 204 204 204 204 204 204 204 204 204 204
204 102 102 102 102 102 102 102 102 102 102 102 102 102 102 204
204 102 255 255 255 255 255 255 255 255 255 255 255 255 102 204
204 102 255 255 255 255 255 255 255 255 255 255 236  51  61 204
204 102 255 255 255 255 255 255 255 255 255 255 255 236  61 204
204 102 255 255 255 255 255 255 255 255 255 255 255 255 102 204
204 102 255 124 141 139 139 142 133 117 115 115 115 255 102 204
204 102 255 115 126 123 124 136  88 125 135 129  73 255 102 204
204 102 255 113  96  54  53  51  27   0   0   0  51 255 102 204
204 102 255 102 102 102 102 102 102 102 102 102 102 255 102 204
204 102 255 255 255 255 174 124 124 177 255 255 255 255 102 204
204 102 255 255 255 255 255 255 255 255 255 255 255 255 102 204
204 102 255 255 255 255 255 255 255 255 255 255 255 255 102 204
204 102 255 255 255 255 255 255 255 255 255 255 255 255 102 204
204 102 102 102 102 102 102 102 102 102 102 102 102 102 102 204
204 204 204 204 204 204 204 204 204 204 204 204 204 204 204 204
204 204 204 204 204 204 204 204 204 204 204 204 204 204 204 204
204 102 102 102 102 102 102 102 102 102 102 102 102 102 102 204
204 102 255 255 255 255 255 255 255 255 255 255 255 255 102 204
204 102 255 255 255 255 255 255 255 255 255 255 236  51  61 204
204 102 255 255 255 255 255 255 255 255 255 255 255 236  61 204
204 102 255 255 255 255 255 255 255 255 255 255 255 255 102 204
204 102 255 124 141 139 139 142 133 117 115 115 115 255 102 204
204 102 255 115 126 123 124 136  88 125 135 129  73 255 102 204
204 102 255 113  96  54  53  51  27   0   0   0  51 255 102 204
204 102 255 102 102 102 102 102 102 102 102 102 102 255 102 204
204 102 255 255 255 255 174 124 124 177 255 255 255 255 102 204
204 102 255 255 255 255 255 255 255 255 255 255 255 255 102 204
204 102 255 255 255 255 255 255 255 255 255 255 255 255 102 204
204 102 255 255 255 255 255 255 255 255 255 255 255 255 102 204
204 102 102 102 102 102 102 102 102 102 102 102 102 102 102 204
204 204 204 204 204 204 204 204 204 204 204 204 204 204 204 204
204 204 204 204 204 204 204 204 204 204 204 204 204 204 204 204
204 102 102 102 102 102 102 102 102 102 102 102 102 102 102 204
204 102 255 255 255 255 255 255 255 255 255 255 255 255 102 204
204 102 255 255 255 255 255 255 255 255 255 255 236  51  61 204
204 102 255 255 255 255 255 255 255 255 255 255 255 236  61 204
204 102 255 255 255 255 255 255 255 255 255 255 255 255 102 204
204 102 255 124 141 139 139 142 133 117 115 115 115 255 102 204
204 102 255 115 126 123 124 136  88 125 135 129  73 255 102 204
204 102 255 113  96  54  53  51  27   0   0   0  51 255 102 204
204 102 255 102 102 102 102 102 102 102 102 102 102 255 102 204
204 102 255 255 255 255 174 124 124 177 255 255 255 255 102 204
204 102 255 255 255 255 255 255 255 255 255 255 255 255 102 204
204 102 255 255 255 255 255 255 255 255 255 255 255 255 102 204
204 102 255 255 255 255 255 255 255 255 255 255 255 255 102 204
204 102 102 102 102 102 102 102 102 102 102 102 102 102 102 204
204 204 204 204 204 204 204 204 204 204 204 204 204 204 204 204

204 204 204 204 204 204 204 204 204 204 204 204 204 204 204 204
204 102 102  61  61 102 102 102 102 102 102 102 102 102 102 204
204 102 255  51 236 255 255 255 255 255 255 255 255 255 102 204
204 102 255 236 255 255 115  73  51 102 255 255 255 255 102 204
204 102 255 255 255 255 115 129   0 102 255 255 255 255 102 204
204 102 255 255 255 255 115 135   0 102 255 255 255 255 102 204
204 102 255 255 255 255 117 125   0 102 152 236 255 255 102 204
204 102 255 255 255 255 133  88  27 102  91 218 255 255 102 204
204 102 255 255 255 255 142 136  51 102 152 236 255 255 102 204
204 102 255 255 255 255 139 124  53 102 152 236 255 255 102 204
204 102 255 255 255 255 139 123  54 102 255 255 255 255 102 204
204 102 255 255 255 255 141 126  96 102 255 255 255 255 102 204
204 102 255 255 255 255 124 115 113 102 255 255 255 255 102 204
204 102 255 255 255 255 255 255 255 255 255 255 255 255 102 204
204 102 102 102 102 102 102 102 102 102 102 102 102 102 102 204
204 204 204 204 204 204 204 204 204 204 204 204 204 204 204 204
204 204 204 204 204 204 204 204 204 204 204 204 204 204 204 204
204 102 102  61  61 102 102 102 102 102 102 102 102 102 102 204
204 102 255  51 236 255 255 255 255 255 255 255 255 255 102 204
204 102 255 236 255 255 115  73  51 102 255 255 255 255 102 204
204 102 255 255 255 255 115 129   0 102 255 255 255 255 102 204
204 102 255 255 255 255 115 135   0 102 255 255 255 255 102 204
204 102 255 255 255 255 117 125   0 102 152 236 255 255 102 204
204 102 255 255 255 255 133  88  27 102  91 218 255 255 102 204
204 102 255 255 255 255 142 136  51 102 152 236 255 255 102 204
204 102 255 255 255 255 139 124  53 102 152 236 255 255 102 204
204 102 255 255 255 255 139 123  54 102 255 255 255 255 102 204
204 102 255 255 255 255 141 126  96 102 255 255 255 255 102 204
204 102 255 255 255 255 124 115 113 102 255 255 255 255 102 204
204 102 255 255 255 255 255 255 255 255 255 255 255 255 102 204
204 102 102 102 102 102 102 102 102 102 102 102 102 102 102 204
204 204 204 204 204 204 204 204 204 204 204 204 204 204 204 204
204 204 204 204 204 204 204 204 204 204 204 204 204 204 204 204
204 102 102  61  61 102 102 102 102 102 102 102 102 102 102 204
204 102 255  51 236 255 255 255 255 255 255 255 255 255 102 204
204 102 255 236 255 255 115  73  51 102 255 255 255 255 102 204
204 102 255 255 255 255 115 129   0 102 255 255 255 255 102 204
204 102 255 255 255 255 115 135   0 102 255 255 255 255 102 204
204 102 255 255 255 255 117 125   0 102 152 236 255 255 102 204
204 102 255 255 255 255 133  88  27 102  91 218 255 255 102 204
204 102 255 255 255 255 142 136  51 102 152 236 255 255 102 204
204 102 255 255 255 255 139 124  53 102 152 236 255 255 102 204
204 102 255 255 255 255 139 123  54 102 255 255 255 255 102 204
204 102 255 255 255 255 141 126  96 102 255 255 255 255 102 204
204 102 255 255 255 255 124 115 113 102 255 255 255 255 102 204
204 102 255 255 255 255 255 255 255 255 255 255 255 255 102 204
204 102 102 102 102 102 102 102 102 102 102 102 102 102 102 204
204 204 204 204 204 204 204 204 204 204 204 204 204 204 204 204

245 204 204 204 204 204 204 204 204 204 204 204 204 204 204 245
204  40 102 102 102 102 102 102 102 102 102 102 102 102  40 204
204 102 255 255 255 255 255 255 255 255 255 255 255 255 102 204
204 102 255 255 255 255 255 255 255 255 255 255 255 255 102 204
204 102 255 255 255 255 255 255 255 255 255 255 255 255 102 204
204 102 255 255 255 255 184 135 112 167 255 255 255 255 102 204
204 102 255 132 101 101 101 101 101 101 101 101 132 255 102 204
204 102 255  50   0   0   0   4  14  14  12  35  72 255 102 204
204 102 255  70 130 156 124  66 115 118 101 118 100 255 102 204
204 102 255 132 101 101 101 108 125 125 120 125 141 255 102 204
204 102 255 255 255 255 255 255 255 255 255 255 255 255 102 204
204  79 239 255 255 255 255 255 255 255 255 255 255 255 102 204
204  73 110 251 255 255 255 255 255 255 255 255 255 255 102 204
204 102 255 255 255 255 255 255 255 255 255 255 255 255 102 204
204  40 102 102 102 102 102 102 102 102 102 102 102 102  40 204
245 204 204 204 204 204 204 204 204 204 204 204 204 204 204 245
245 204 204 204 204 204 204 204 204 204 204 204 204 204 204 245
204  40 102 102 102 102 102 102 102 102 102 102 102 102  40 204
204 102 255 255 255 255 255 255 255 255 255 255 255 255 102 204
204 102 255 255 255 255 255 255 255 255 255 255 255 255 102 204
204 102 255 255 255 255 255 255 255 255 255 255 255 255 102 204
204 102 255 255 255 255 184 135 112 167 255 255 255 255 102 204
204 102 255 132 101 101 101 101 101 101 101 101 132 255 102 204
204 102 255  50   0   0   0   4  14  14  12  35  72 255 102 204
204 102 255  70 130 156 124  66 115 118 101 118 100 255 102 204
204 102 255 132 101 101 101 108 125 125 120 125 141 255 102 204
204 102 255 255 255 255 255 255 255 255 255 255 255 255 102 204
204  79 239 255 255 255 255 255 255 255 255 255 255 255 102 204
204  73 110 251 255 255 255 255 255 255 255 255 255 255 102 204
204 102 255 255 255 255 255 255 255 255 255 255 255 255 102 204
204  40 102 102 102 102 102 102 102 102 102 102 102 102  40 204
245 204 204 204 204 204 204 204 204 204 204 204 204 204 204 245
245 204 204 204 204 204 204 204 204 204 204 204 204 204 204 245
204  40 102 102 102 102 102 102 102 102 102 102 102 102  40 204
204 102 255 255 255 255 255 255 255 255 255 255 255 255 102 204
204 102 255 255 255 255 255 255 255 255 255 255 255 255 102 204
204 102 255 255 255 255 255 255 255 255 255 255 255 255 102 204
204 102 255 255 255 255 184 135 112 167 255 255 255 255 102 204
204 102 255 132 101 101 101 101 101 101 101 101 132 255 102 204
204 102 255  50   0   0   0   4  14  14  12  35  72 255 102 204
204 102 255  70 130 156 124  66 115 118 101 118 100 255 102 204
204 102 255 132 101 101 101 108 125 125 120 125 141 255 102 204
204 102 255 255 255 255 255 255 255 255 255 255 255 255 102 204
204  79 239 255 255 255 255 255 255 255 255 255 255 255 102 204
204  73 110 251 255 255 255 255 255 255 255 255 255 255 102 204
204 102 255 255 255 255 255 255 255 255 255 255 255 255 102 204
204  40 102 102 102 102 102 102 102 102 102 102 102 102  40 204
245 204 204 204 204 204 204 204 204 204 204 204 204 204 204 245

245 204 204 204 204 204 204 204 204 204 204 204 204 204 204 245
204  40 102 102 102 102 102 102 102 102 102 102 102 102  40 204
204 102 255 255 255 255 255 255 255 255 255 255 255 255 102 204
204 102 255 255 255 255 132  67 100 141 255 255 255 255 102 204
204 102 255 255 255 255 101  41 118 125 255 255 255 255 102 204
204 102 255 255 255 255 101  12 100 120 255 255 255 255 102 204
204 102 255 255 255 255 101  14 117 125 255 255 255 255 102 204
204 102 255 255 218  90 101  14 115 125 255 255 255 255 102 204
204 102 255 255 218  90 101   4  66 108 255 255 255 255 102 204
204 102 255 255 236 152 101   0 124 101 255 255 255 255 102 204
204 102 255 255 255 255 101   0 156 101 255 255 255 255 102 204
204 102 255 255 255 255 101   0 131 101 255 255 255 255 102 204
204 102 255 255 255 255 132  50  70 132 255 255 247 255 102 204
204 102 255 255 255 255 255 255 255 255 255 236  90 255 102 204
204  40 102 102 102 102 102 102 102 102 102  71  60 102  40 204
245 204 204 204 204 204 204 204 204 204 204 204 204 204 204 245
245 204 204 204 204 204 204 204 204 204 204 204 204 204 204 245
204  40 102 102 102 102 102 102 102 102 102 102 102 102  40 204
204 102 255 255 255 255 255 255 255 255 255 255 255 255 102 204
204 102 255 255 255 255 132  67 100 141 255 255 255 255 102 204
204 102 255 255 255 255 101  41 118 125 255 255 255 255 102 204
204 102 255 255 255 255 101  12 100 120 255 255 255 255 102 204
204 102 255 255 255 255 101  14 117 125 255 255 255 255 102 204
204 102 255 255 218  90 101  14 115 125 255 255 255 255 102 204
204 102 255 255 218  90 101   4  66 108 255 255 255 255 102 204
204 102 255 255 236 152 101   0 124 101 255 255 255 255 102 204
204 102 255 255 255 255 101   0 156 101 255 255 255 255 102 204
204 102 255 255 255 255 101   0 131 101 255 255 255 255 102 204
204 102 255 255 255 255 132  50  70 132 255 255 247 255 102 204
204 102 255 255 255 255 255 255 255 255 255 236  90 255 102 204
204  40 102 102 102 102 102 102 102 102 102  71  60 102  40 204
245 204 204 204 204 204 204 204 204 204 204 204 204 204 204 245
245 204 204 204 204 204 204 204 204 204 204 204 204 204 204 245
204  40 102 102 102 102 102 102 102 102 102 102 102 102  40 204
204 102 255 255 255 255 255 255 255 255 255 255 255 255 102 204
204 102 255 255 255 255 132  67 100 141 255 255 255 255 102 204
204 102 255 255 255 255 101  41 118 125 255 255 255 255 102 204
204 102 255 255 255 255 101  12 100 120 255 255 255 255 102 204
204 102 255 255 255 255 101  14 117 125 255 255 255 255 102 204
204 102 255 255 218  90 101  14 115 125 255 255 255 255 102 204
204 102 255 255 218  90 101   4  66 108 255 255 255 255 102 204
204 102 255 255 236 152 101   0 124 101 255 255 255 255 102 204
204 102 255 255 255 255 101   0 156 101 255 255 255 255 102 204
204 102 255 255 255 255 101   0 131 101 255 255 255 255 102 204
204 102 255 255 255 255 132  50  70 132 255 255 247 255 102 204
204 102 255 255 255 255 255 255 255 255 255 236  90 255 102 204
204  40 102 102 102 102 102 102 102 102 102  71  60 102  40 204
245 204 204 204 204 204 204 204 204 204 204 204 204 204 204 245
